0 0 1 1.44895507e-17 -1.46733516e-16 -1.44895507e-17 1 1.36173172e-16 1.46733516e-16 -1.36173172e-16 1 -2.00471126e-17 1.22991368e-17 3.82665133e-17
1 100 0.999999285 -0.00117474876 -0.000256068743 0.00117446086 0.999998689 -0.00112163718 0.00025738604 0.00112133566 0.999999344 -0.000891422911 0.00964867603 0.000989735941
2 200 0.514941454 0.842377722 -0.158895224 -0.843809307 0.530768871 0.0792723596 0.151113421 0.0932565928 0.984120965 -0.161133796 0.163369805 1.55432153
3 300 0.854887426 0.518605828 0.015513679 -0.518760979 0.854893088 0.00836599898 -0.00892549846 -0.0151996389 0.999869406 -0.12935181 -0.396301895 1.46675789
4 400 0.993783712 0.107431516 -0.0297630858 -0.108411327 0.993557632 -0.0335331634 0.0259673279 0.0365522765 0.999028087 6.50349236 -3.87966943 1.77889848
5 500 0.980037391 0.198675543 -0.0101214368 -0.198461816 0.97995007 0.0189677626 0.0136850113 -0.0165796187 0.999816537 13.8477621 -6.89402676 2.19029593
6 600 0.495497137 -0.868643105 -0.000161424396 0.863929927 0.492790014 0.104136236 -0.0903768688 -0.0517365076 0.994621933 21.4318848 -7.06614971 2.38393617
7 700 0.311171532 -0.950097382 -0.0236305408 0.950264335 0.310628951 0.0240896102 -0.0155453403 -0.0299490765 0.99950105 25.7432117 1.0548327 2.30322099
8 800 0.381273925 -0.924463034 -0.00889707357 0.922817707 0.37997973 0.0641016215 -0.0558766089 -0.0326478556 0.997985542 29.8330231 9.92237949 2.04037619
9 900 0.164879948 -0.98609817 -0.0227251351 0.984945118 0.163365632 0.0573765561 -0.0528627709 -0.0318405852 0.998186409 33.9677277 19.4371281 1.82062614
10 1000 -0.964568555 -0.255360126 -0.0671127886 0.254362345 -0.966888249 0.0231963452 -0.0708098561 0.00529962406 0.997582197 28.8328648 26.7317657 1.41596353
11 1100 -0.977650702 -0.194739714 -0.0799464509 0.191484749 -0.980447292 0.0466504656 -0.0874631926 0.0302948616 0.995822251 18.4837799 30.249155 0.833263397
