0 0 1 8.13107448e-14 1.23523763e-14 -8.13107448e-14 1 -7.62984917e-15 -1.23523763e-14 7.62984917e-15 1 1.25693432e-15 -2.43498594e-15 1.62789769e-15
1 100 0.999999106 0.00129752944 0.000274754944 -0.00129707973 0.999997854 -0.0016303882 -0.000276869832 0.00163003034 0.999998629 0.00913080107 -0.0104901446 0.00806025229
2 200 0.82797718 -0.555104673 0.0794963092 0.556394875 0.830892563 0.00692295749 -0.0698943436 0.0384991653 0.996817231 -0.269834042 -0.0695778653 1.28070259
3 300 0.774226129 0.611821711 0.162064835 -0.622843385 0.782010794 0.0232753046 -0.112495586 -0.118960157 0.986523151 -1.56767213 0.465243846 1.34342015
4 400 -0.604798019 0.793928087 -0.0626462922 -0.796359897 -0.603653848 0.0379736237 -0.00767049147 0.072855331 0.997341514 -1.35545957 -1.90379167 1.49349511
5 500 -0.526738524 -0.849800885 -0.0205534138 0.848159611 -0.527025402 0.0539578833 -0.0566846132 0.0109874681 0.998372257 -0.493750066 -3.76456666 1.4694463
6 600 -0.640370071 -0.7678684 -0.0187553838 0.764811337 -0.639696062 0.0768543407 -0.07101053 0.0348691754 0.996916413 5.19733238 -7.26876116 1.58067989
7 700 -0.920301735 0.390019476 -0.0315112025 -0.390140951 -0.920789301 -0.00247346284 -0.0299806241 0.0100153992 0.999565661 11.4474182 -5.62461805 1.64227581
8 800 -0.913685203 0.406512678 2.86798222e-05 -0.406512797 -0.913687229 0.000942790881 0.000408726191 0.000847840798 1.00007474 16.1455727 0.334846497 1.5263586
9 900 0.0269378591 0.998378813 0.0509918667 -0.998981416 0.0249750372 0.0387433767 0.0374051183 -0.0519836619 0.998034537 18.107996 6.51772547 1.44410944
10 1000 0.383064866 0.923428595 0.0253016185 -0.92377615 0.382939935 0.00985242613 -0.000592984085 -0.027146263 0.999731362 12.6690264 11.7456408 1.25684881
11 1100 0.450780839 0.892631352 0.0108254561 -0.891552389 0.449555039 0.0561366118 0.0452404246 -0.0349555239 0.998476863 6.90426254 16.7263603 1.12729836
12 1200 0.448759943 0.893350482 -0.0257074572 -0.890149713 0.449351668 0.0764423087 0.0798387602 -0.0114195775 0.996865869 0.597840369 21.658205 0.866578698
13 1300 0.259044379 0.964848697 0.0457862616 -0.96450609 0.255790532 0.0666283667 0.0525713302 -0.0614204034 0.996863306 -5.57567739 27.0038872 0.719738424
14 1400 -0.847560525 0.530307949 -0.0236765966 -0.530604601 -0.8450284 0.0673723742 0.0157186799 0.069661282 0.997596025 -5.41930389 31.8901958 0.636708856
15 1500 -0.980207503 -0.194370195 -0.0396063402 0.194488198 -0.980987906 0.000923746557 -0.0390313752 -0.00680196751 0.999373794 -0.202328593 37.7017517 0.605604351
16 1600 -0.255767375 -0.966675043 0.0169429239 0.965715706 -0.256274402 -0.043474637 0.0463724323 0.00524201151 0.999078572 6.33281708 35.6099396 0.713829458
17 1700 -0.20595032 -0.978013933 -0.0353334881 0.978654325 -0.205737606 -0.00959640276 0.00212034676 -0.0365556739 0.999509335 12.603404 31.3570518 0.934571862
18 1800 -0.0789312646 -0.995826781 0.0478160754 0.994045913 -0.0822843835 -0.0727846101 0.0764191821 0.0417869575 0.996391535 19.4077606 26.0838566 1.07251525
19 1900 0.182385087 -0.982617855 -0.0373681486 0.97996664 0.184773266 -0.0757197514 0.0813108236 -0.0228079557 0.996631444 25.8324623 20.5971718 1.28868628
20 2000 0.966067374 -0.251482099 -0.0606548451 0.256094515 0.962864101 0.0867597237 0.0365828425 -0.0993459672 0.994594336 26.109005 13.23946 1.45401466
21 2100 0.648160338 0.755653083 -0.0953593105 -0.744301081 0.65498811 0.131272018 0.161650985 -0.0141090173 0.986970127 21.1244564 7.76893425 1.45924711
22 2200 0.037637338 0.998623073 -0.0395397022 -0.987851143 0.0431730412 0.150071576 0.151566997 0.0334082767 0.98811537 13.901432 11.7634277 1.33953702
23 2300 -0.139113948 0.990375876 0.00640205434 -0.980388045 -0.138622537 0.140940294 0.14046587 0.0133263161 0.990235507 6.51907158 16.87356 1.12807274
24 2400 -0.277306288 0.959605813 -0.0500457585 -0.957229555 -0.271313429 0.101748534 0.0840553194 0.076115489 0.993797898 -0.944463611 21.9149761 0.81992501
25 2500 0.627137542 0.777276695 -0.0528529994 -0.777643323 0.628655851 0.0179877356 0.047200013 0.0298210308 0.99869597 -9.13590908 25.6000309 0.740003943
26 2600 0.852403402 0.505651057 -0.134122044 -0.498858482 0.862883925 0.0826988295 0.157540828 -0.00358152855 0.987772405 -15.473465 18.6818962 0.717738926
27 2700 0.646290481 -0.760813653 -0.0611888506 0.759710848 0.648943961 -0.044576861 0.0736237243 -0.0176677741 0.997403264 -16.5365715 9.95701408 0.933758378
28 2800 0.512742639 -0.858560681 -0.0158363823 0.852328897 0.511096001 -0.112264365 0.104480848 0.0440726765 0.993834496 -8.52371597 4.13845539 1.14884925
29 2900 -0.591389298 -0.805146396 0.0478344373 0.806182027 -0.591902316 0.00406429265 0.0250483546 0.0409693308 0.999136984 -1.71556652 -1.45337498 1.18767083
